0|3|46|32|35|46|24|31|21|5|44|64|40|7|14|14|37|40|60|14|7|28|44|70|70|12|25|25|36|39|20|31|30|18|56|3|23|33|3|6|68|43|17|4|26
3|0|23|56|42|9|29|62|50|2|60|47|24|50|42|5|39|65|22|63|15|40|1|27|41|19|17|70|16|55|35|51|55|59|8|28|12|12|19|40|35|58|41|47|65
46|23|0|65|67|38|25|43|6|28|6|29|25|22|56|59|43|48|6|19|56|17|12|63|37|26|5|32|51|9|28|56|36|13|7|33|61|60|4|56|36|66|42|14|10
32|56|65|0|32|20|10|12|57|11|12|3|54|61|50|40|20|39|33|13|23|33|15|44|63|59|66|38|58|50|60|63|16|29|48|49|22|32|2|66|57|69|34|63|35
35|42|67|32|0|32|43|40|14|24|27|13|36|68|57|67|56|62|68|33|14|20|23|9|30|40|18|17|4|6|26|28|43|16|20|13|53|64|13|17|40|26|22|38|52
46|9|38|20|32|0|66|57|39|64|2|21|44|38|13|49|48|68|51|46|44|53|49|29|56|14|19|63|26|5|39|54|48|40|18|68|24|9|28|43|50|62|63|50|28
24|29|25|10|43|66|0|59|28|34|14|11|58|9|43|6|53|8|27|16|28|43|59|40|55|28|10|9|52|67|38|9|3|19|64|15|70|49|30|4|14|29|68|56|46
31|62|43|12|40|57|59|0|5|29|16|26|67|54|29|11|29|4|47|3|49|45|56|66|20|16|44|8|29|54|12|69|10|27|28|17|54|15|44|69|39|56|21|39|61
21|50|6|57|14|39|28|5|0|4|56|18|2|60|62|57|67|15|12|5|62|9|66|55|21|10|48|68|43|58|16|25|41|1|58|35|55|66|67|51|65|27|23|18|9
5|2|28|11|24|64|34|29|4|0|65|40|27|63|23|17|15|33|29|61|69|36|50|14|46|23|62|18|66|60|23|36|19|20|22|39|25|41|38|54|62|47|9|8|8
44|60|6|12|27|2|14|16|56|65|0|12|30|18|17|25|13|2|49|36|11|51|2|11|48|2|7|64|24|11|52|24|50|63|57|16|9|27|57|65|42|2|6|7|25
64|47|29|3|13|21|11|26|18|40|12|0|65|27|46|53|8|51|5|7|42|10|27|39|1|11|55|39|46|35|43|59|7|21|60|31|48|54|12|27|13|61|2|42|23
40|24|25|54|36|44|58|67|2|27|30|65|0|35|27|8|28|56|48|51|13|7|18|15|18|9|20|5|53|25|17|66|47|53|25|6|21|68|47|39|51|32|10|54|50
7|50|22|61|68|38|9|54|60|63|18|27|35|0|33|69|58|30|2|17|37|44|17|61|58|21|50|51|31|31|32|13|17|65|49|44|57|34|46|32|48|67|5|1|11
14|42|56|50|57|13|43|29|62|23|17|46|27|33|0|18|49|42|65|42|64|49|70|47|5|27|42|36|32|64|57|61|23|31|19|51|44|17|6|45|26|40|66|53|7
14|5|59|40|67|49|6|11|57|17|25|53|8|69|18|0|3|18|57|31|70|3|19|13|53|42|33|11|20|46|45|49|13|3|10|46|20|1|25|31|28|60|25|45|58
37|39|43|20|56|48|53|29|67|15|13|8|28|58|49|3|0|6|24|50|3|38|3|49|10|35|22|65|45|66|63|68|56|46|4|26|35|44|9|25|15|68|37|25|44
40|65|48|39|62|68|8|4|15|33|2|51|56|30|42|18|6|0|8|64|66|16|46|50|64|33|65|52|65|21|59|55|25|10|61|22|38|6|42|10|17|36|36|67|19
60|22|6|33|68|51|27|47|12|29|49|5|48|2|65|57|24|8|0|66|41|70|64|57|51|4|37|21|44|3|61|57|60|43|31|67|31|51|64|33|4|48|29|60|24
14|63|19|13|33|46|16|3|5|61|36|7|51|17|42|31|50|64|66|0|19|52|42|1|11|61|40|14|3|48|1|19|64|6|41|9|68|20|37|37|9|1|46|48|3
7|15|56|23|14|44|28|49|62|69|11|42|13|37|64|70|3|66|41|19|0|35|41|20|26|43|43|10|60|1|8|52|29|15|50|58|66|35|23|3|20|64|60|57|60
28|40|17|33|20|53|43|45|9|36|51|10|7|44|49|3|38|16|70|52|35|0|63|60|36|51|38|30|28|4|49|65|20|60|53|57|16|22|40|9|38|15|24|33|34
44|1|12|15|23|49|59|56|66|50|2|27|18|17|70|19|3|46|64|42|41|63|0|33|17|48|32|19|12|10|24|46|37|14|39|29|63|69|11|2|33|50|16|40|32
70|27|63|44|9|29|40|66|55|14|11|39|15|61|47|13|49|50|57|1|20|60|33|0|27|18|60|46|23|16|55|34|46|37|51|1|11|23|27|35|47|9|33|26|17
70|41|37|63|30|56|55|20|21|46|48|1|18|58|5|53|10|64|51|11|26|36|17|27|0|22|34|67|7|52|31|18|12|67|63|38|56|11|41|16|59|17|64|32|2
12|19|26|59|40|14|28|16|10|23|2|11|9|21|27|42|35|33|4|61|43|51|48|18|22|0|11|59|62|49|37|60|24|38|45|47|33|14|54|21|16|57|69|15|45
25|17|5|66|18|19|10|44|48|62|7|55|20|50|42|33|22|65|37|40|43|38|32|60|34|11|0|69|57|59|66|43|8|9|44|27|7|25|8|47|70|16|55|27|39
25|70|32|38|17|63|9|8|68|18|64|39|5|51|36|11|65|52|21|14|10|30|19|46|67|59|69|0|61|61|40|23|26|57|5|5|42|30|16|20|37|55|20|12|70
36|16|51|58|4|26|52|29|43|66|24|46|53|31|32|20|45|65|44|3|60|28|12|23|7|62|57|61|0|56|30|53|39|26|17|7|1|67|29|23|43|37|39|52|66
39|55|9|50|6|5|67|54|58|60|11|35|25|31|64|46|66|21|3|48|1|4|10|16|52|49|59|61|56|0|27|39|52|12|15|65|62|63|36|11|8|42|43|5|53
20|35|28|60|26|39|38|12|16|23|52|43|17|32|57|45|63|59|61|1|8|49|24|55|31|37|66|40|30|27|0|38|22|55|12|53|69|55|48|26|34|24|18|17|1
31|51|56|63|28|54|9|69|25|36|24|59|66|13|61|49|68|55|57|19|52|65|46|34|18|60|43|23|53|39|38|0|58|11|21|2|34|57|59|61|49|5|53|35|5
30|55|36|16|43|48|3|10|41|19|50|7|47|17|23|13|56|25|60|64|29|20|37|46|12|24|8|26|39|52|22|58|0|70|2|50|37|10|7|48|67|8|14|59|15
18|59|13|29|16|40|19|27|1|20|63|21|53|65|31|3|46|10|43|6|15|60|14|37|67|38|9|57|26|12|55|11|70|0|26|69|10|70|21|52|24|12|27|37|6
56|8|7|48|20|18|64|28|58|22|57|60|25|49|19|10|4|61|31|41|50|53|39|51|63|45|44|5|17|15|12|21|2|26|0|42|30|52|69|60|46|6|26|62|43
3|28|33|49|13|68|15|17|35|39|16|31|6|44|51|46|26|22|67|9|58|57|29|1|38|47|27|5|7|65|53|2|50|69|42|0|67|42|65|67|61|7|12|10|13
23|12|61|22|53|24|70|54|55|25|9|48|21|57|44|20|35|38|31|68|66|16|63|11|56|33|7|42|1|62|69|34|37|10|30|67|0|37|50|55|63|54|49|36|36
33|12|60|32|64|9|49|15|66|41|27|54|68|34|17|1|44|6|51|20|35|22|69|23|11|14|25|30|67|63|55|57|10|70|52|42|37|0|55|19|5|18|8|49|56
3|19|4|2|13|28|30|44|67|38|57|12|47|46|6|25|9|42|64|37|23|40|11|27|41|54|8|16|29|36|48|59|7|21|69|65|50|55|0|64|44|46|32|2|67
6|40|56|66|17|43|4|69|51|54|65|27|39|32|45|31|25|10|33|37|3|9|2|35|16|21|47|20|23|11|26|61|48|52|60|67|55|19|64|0|45|53|7|28|42
68|35|36|57|40|50|14|39|65|62|42|13|51|48|26|28|15|17|4|9|20|38|33|47|59|16|70|37|43|8|34|49|67|24|46|61|63|5|44|45|0|51|35|19|12
43|58|66|69|26|62|29|56|27|47|2|61|32|67|40|60|68|36|48|1|64|15|50|9|17|57|16|55|37|42|24|5|8|12|6|7|54|18|46|53|51|0|62|23|51
17|41|42|34|22|63|68|21|23|9|6|2|10|5|66|25|37|36|29|46|60|24|16|33|64|69|55|20|39|43|18|53|14|27|26|12|49|8|32|7|35|62|0|20|14
4|47|14|63|38|50|56|39|18|8|7|42|54|1|53|45|25|67|60|48|57|33|40|26|32|15|27|12|52|5|17|35|59|37|62|10|36|49|2|28|19|23|20|0|47
26|65|10|35|52|28|46|61|9|8|25|23|50|11|7|58|44|19|24|3|60|34|32|17|2|45|39|70|66|53|1|5|15|6|43|13|36|56|67|42|12|51|14|47|0
